1687427702051 1.1678280385676674 0
1687427702122 0.9948061137445503 1
1687427702204 0.8665247810053648 2
1687427702393 0.7703516500446144 3
1687427702488 0.6971676023857121 4
1687427702598 0.6388950696034024 5
1687427702660 0.5903589257823284 6
1687427702728 0.5509815370258808 7
1687427702795 0.5167003562409551 8
1687427702857 0.48810750868619646 9
1687427702898 0.46262286775538797 10
1687427702926 0.43997716244854806 11
1687427702956 0.4200362511559473 12
1687427702995 0.4023918552557177 13
1687427703057 0.38610533884130627 14
1687427703220 0.37165777983890114 15
1687427703299 0.35844040223822937 16
1687427703384 0.346547399874108 17
1687427703442 0.3354336396772997 18
1687427703499 0.3252324127902387 19
1687427703564 0.31599098797893754 20
1687427703626 0.3075452375744274 21
1687427703678 0.2994288475088416 22
1687427703707 0.29195403665715675 23
1687427703738 0.28497336202075785 24
1687427703767 0.2785780497920061 25
1687427703819 0.27264048387070317 26
1687427703846 0.26686810219020035 27
1687427703876 0.26160288910756496 28
1687427703903 0.256505480772248 29
1687427703937 0.25190709950093493 30
1687427703973 0.24750658319787047 31
1687427704015 0.2435209498369427 32
1687427704059 0.23947760141034477 33
1687427704099 0.23571297635312513 34
1687427704135 0.2320637932741636 35
1687427704192 0.22877934640654887 36
1687427704228 0.2256134802372604 37
1687427704288 0.22274412188503884 38
1687427704328 0.21989819093666144 39
1687427704380 0.2171973906901121 40
1687427704419 0.2145025456152719 41
1687427704454 0.21207660890121727 42
1687427704486 0.20981517242323064 43
1687427704515 0.20757836111570815 44
1687427704544 0.2053303147500604 45
1687427704573 0.20334211306420824 46
1687427704612 0.20137543044234638 47
1687427704647 0.1995915302402472 48
1687427704678 0.19780606892775937 49
1687427704705 0.19609568765912247 50
1687427704734 0.19438288281575672 51
1687427704766 0.1928412603162713 52
1687427704795 0.19132073522079568 53
1687427704822 0.18987225761716556 54
1687427704849 0.1883897875246646 55
1687427704877 0.1869790276886804 56
1687427704911 0.1858047583521949 57
1687427704961 0.18453406988190274 58
1687427704991 0.18341193552444038 59
1687427705022 0.18220829327309576 60
1687427705049 0.1811760482626946 61
1687427705076 0.18009027764403435 62
1687427705103 0.17910010771571783 63
1687427705132 0.1781296982943653 64
1687427705190 0.17716119419761975 65
1687427705317 0.17629242937663805 66
1687427705377 0.17541871181250032 67
1687427705408 0.17452067835622745 68
1687427705436 0.17367966405452578 69
1687427705465 0.1729098718945875 70
1687427705494 0.17217914218317618 71
1687427705522 0.1714001096203065 72
1687427705550 0.17077605214524227 73
1687427705577 0.17012740805195156 74
1687427705605 0.16955515991352732 75
1687427705632 0.16887094855674675 76
1687427705660 0.16816926945109814 77
1687427705698 0.16747529973780742 78
1687427705733 0.1669824043207253 79
1687427705766 0.1664282644258464 80
1687427705795 0.16587268736101946 81
1687427705824 0.16533988442882988 82
1687427705856 0.16476708773905202 83
1687427705883 0.16427560339751532 84
1687427705913 0.1637669591830894 85
1687427705940 0.16325204210504646 86
1687427705969 0.16287305460491602 87
1687427706024 0.16249550107411734 88
1687427706055 0.16201958821730925 89
1687427706085 0.16159845777395251 90
1687427706113 0.16121846781967059 91
1687427706148 0.1608563987041739 92
1687427706188 0.16051230115089232 93
1687427706226 0.1601257459059775 94
1687427706263 0.15985702808625435 95
1687427706304 0.15960205608350758 96
1687427706343 0.15934155828666519 97
1687427706371 0.158993181837656 98
1687427706401 0.15864676336509936 99
